00000100 00000001 00000000 00001000
01000000 00000010 00000000 00000010
00000000 01000001 00011000 00000000
00001000 01100010 00101000 00000000
01000100 10100010 00100000 00000000
01001000 10000010 01000000 00000000
01100000 00001000 01000000 01000000
11000101 00000001 11111111 11111110
01110000 01000001 00110000 00000000
01110000 11000000 00111000 00000000
00000100 11100111 00000000 00001000
11000000 11100001 11111111 11111110
10011000 00100010 00000000 00000100
10011100 00101001 00000000 00000100
11001001 00100000 00000000 00000001
11111100 00000000 00000000 00000000
00000100 00001001 11111111 11111111
11100000 00000000 00000000 00001110
