E
6  E A T F B D
9 + -  * / ( ) x y z 
7  1 2 3 4 5 6 7
13
1  E E+T 1
2  E E-T 2
3  E A   0
4  A T   0
5  T F*T 3
6  T F/T 4
7  T F   0
8  F (B) 0
9  F D   0
10 B E   0
11 D x   5
12 D y   6
13 D z   7
7
1 ADD
2 SUB
3 MUL
4 DIV
5 a
6 b
7 c
15
  0  0  0  0  0  0  2  2  0  0  0  3  0  0  0
  0  0  0  0  0  0  3  3  0  0  0  3  0  0  0
  0  0  0  0  0  0  3  3  0  0  0  3  0  0  0
  0  0  0  0  0  0  3  3  2  2  0  3  0  0  0
  0  0  0  0  0  0  0  0  0  0  0  2  0  0  0
  0  0  0  0  0  0  3  3  3  3  0  3  0  0  0
  0  0  2  1  0  1  0  0  0  0  1  0  1  1  1
  0  0  2  1  0  1  0  0  0  0  1  0  1  1  1
  0  0  2  1  0  1  0  0  0  0  1  0  1  1  1
  0  0  2  1  0  1  0  0  0  0  1  0  1  1  1
  1  1  1  1  2  1  0  0  0  0  1  0  1  1  1
  0  0  0  0  0  0  3  3  3  3  0  3  0  0  0
  0  0  0  0  0  0  3  3  3  3  0  3  0  0  0
  0  0  0  0  0  0  3  3  3  3  0  3  0  0  0
  0  0  0  0  0  0  3  3  3  3  0  3  0  0  0
(x+(y-x*z)*(y+x*z))+x/z#
